50 97
4 59
28 52
16 20
28 61
5 24
56 85
48 71
51 53
1 11
64 67
4 17
91 96
54 93
4 92
48 62
58 93
44 83
70 90
6 8
7 26
63 73
13 74
76 84
41 62
33 44
49 93
13 65
79 98
25 82
54 62
42 82
24 80
38 48
4 36
50 85
67 97
23 49
15 85
17 49
13 39
5 49
1 44
16 68
36 71
17 41
8 26
72 76
48 56
24 74
14 69
44 94
55 63
12 65
3 79
66 93
63 88
8 42
43 59
1 61
56 83
3 56
87 92
63 79
34 67
13 48
36 68
27 70
30 66
13 76
9 95
18 95
20 75
50 55
12 78
15 94
42 73
24 76
93 95
7 99
36 88
22 89
33 81
13 78
16 50
63 99
33 95
7 25
27 64
10 27
26 56
17 58
46 88
1 95
54 81
12 85
19 39
38 61
39 57
33 50
26 43
35 89
44 82
45 46
18 71
49 61
30 45
49 100
2 12
62 67
50 75
28 38
9 63
40 55
7 66
36 69
21 41
35 51
20 81
6 70
61 96
25 45
12 99
49 53
28 34
2 29
32 90
33 34
35 42
43 68
48 87
19 71
8 21
48 55
41 66
84 95
83 100
67 96
36 53
37 40
37 84
24 85
4 72
35 40
88 91
8 37
82 100
66 96
88 94
74 92
16 100
60 75
33 78
31 92
14 53
73 97
45 59
5 62
96 98
77 83
14 20
4 70
40 56
5 54
30 73
58 71
5 22
2 71
42 80
57 91
45 52
48 77
69 75
29 51
80 95
34 87
27 96
17 61
18 68
7 17
6 20
39 66
13 23
74 97
39 96
74 88
38 58
11 92
3 38
61 63
28 57
30 44
21 81
6 14
54 70
22 70
90 92
42 62
18 54
35 98
